function D=DistanceMatrix()
% Symmetric matrix of distances between cities.
  D=[  0  18   3  12  10   7  10   8   9  10  10  12  16  16  10   9   5   3  13  12  11  12   5  13   6
      18   0  10   5  17  12   7  12  13  19   9  18   5  11   7  11  11  15   9  11  13   7   8   9  14
       3  10   0   9  10   9  14  16  12   6  10  11  10   7   7  18  13  13  12  14  14  10  11  13  17
      12   5   9   0  12  10  13   9   5  11  11  12  10  12   5  11  10  17   8  14   9  13  16   9   9
      10  17  10  12   0  15   7  13  10   4   2   3   8  11  19   7   3  17   7  10   6  10  16   3   3
       7  12   9  10  15   0   7  14  10   7   8   6  12   6   3   6   6  11  16   9   9  13  11  18  14
      10   7  14  13   7   7   0   8   9   9  14  14   7  15  11   4  12  12   9  14   5  13  14  16   6
       8  12  16   9  13  14   8   0   9   6  10  10   6  12  13   7  12   6  10  13  15  16   9   6   9
       9  13  12   5  10  10   9   9   0   9  11  10   8  14   5  10   6  10   7   8  15  10  16   9   8
      10  19   6  11   4   7   9   6   9   0  11   8  14  12   8   8   6   6  11   5  12   8  11   6  17
      10   9  10  11   2   8  14  10  11  11   0  11   1   5   6   8   5   4  11  14  12  19  11  10  11
      12  18  11  12   3   6  14  10  10   8  11   0  15   6  11   9   3  10  10   8  11   3  10   7  17
      16   5  10  10   8  12   7   6   8  14   1  15   0   9  12   9   9   8  17  12   4  12   9  18  11
      16  11   7  12  11   6  15  12  14  12   5   6   9   0   3  13  13  11   5   6  18   7  10   8  13
      10   7   7   5  19   3  11  13   5   8   6  11  12   3   0   6   6   7  12   6   7   1  12  12   9
       9  11  18  11   7   6   4   7  10   8   8   9   9  13   6   0  14   8   7   8  14   3   4  13   7
       5  11  13  10   3   6  12  12   6   6   5   3   9  13   6  14   0  12   8  10  17  12  13   3   9
       3  15  13  17  17  11  12   6  10   6   4  10   8  11   7   8  12   0   2  12   1   1   7   6   6
      13   9  12   8   7  16   9  10   7  11  11  10  17   5  12   7   8   2   0  19   5  10  12   2   4
      12  11  14  14  10   9  14  13   8   5  14   8  12   6   6   8  10  12  19   0   9   8  11  13   4
      11  13  14   9   6   9   5  15  15  12  12  11   4  18   7  14  17   1   5   9   0   5   8  10  10
      12   7  10  13  10  13  13  16  10   8  19   3  12   7   1   3  12   1  10   8   5   0   3  16  10
       5   8  11  16  16  11  14   9  16  11  11  10   9  10  12   4  13   7  12  11   8   3   0  11  12
      13   9  13   9   3  18  16   6   9   6  10   7  18   8  12  13   3   6   2  13  10  16  11   0   8
       6  14  17   9   3  14   6   9   8  17  11  17  11  13   9   7   9   6   4   4  10  10  12   8   0];

% D = [0 3 7 0 0
%      3 0 0 2 1
%      7 0 0 5 0
%      0 2 5 0 1 
%      0 1 0 1 0];
% D = [0 2 0 3 0 0 2 0 
%      2 0 2 4 0 0 0 0
%      0 2 0 0 4 2 0 0
%      3 4 0 0 5 0 3 0
%      0 0 4 5 0 4 0 3
%      0 0 2 0 4 0 0 3
%      2 0 0 3 0 0 0 2
%      0 0 0 0 3 3 2 0];

% D=[0 1 3 3  1 7
%    1 0 5 6  2 8 
%    3 5 0 12 3 5
%    3 6 12 0 1 2
%    1 2 3  1 0 2 
%    7 8 5  2 2 0];


end
